Comment ID,Positive,Negative,Neutral,Compound
c1rziq8,0.167,0.112,0.722,0.6361
c1ryhh4,0.0,0.346,0.654,-0.6486
c1rzx44,0.218,0.147,0.635,0.8238
c1s0ko2,0.205,0.055,0.74,0.8907
c1rzn0a,0.333,0.0,0.667,0.8176
c1rzy64,0.094,0.0,0.906,0.4201
c1ryji7,0.062,0.16,0.779,-0.881
c1rzdjo,0.0,0.0,1.0,0.0
c1rzm24,0.135,0.0,0.865,0.5341
c1rygxr,0.127,0.169,0.704,-0.7015
c1ryse8,0.348,0.0,0.652,0.5777
c1s0ozs,0.0,0.136,0.864,-0.7184
c1sa6yi,0.368,0.0,0.632,0.7906
c1s2t9e,0.178,0.048,0.775,0.9627
c1sat9u,0.355,0.0,0.645,0.6705
c1rzx8h,0.143,0.234,0.623,-0.5423
c1ryi1a,0.0,0.0,1.0,0.0
c1rz1ni,0.456,0.103,0.441,0.7003
c1s13v4,0.0,0.0,1.0,0.0
c1s00l3,0.324,0.06,0.617,0.8748
c1so7hy,0.111,0.139,0.75,-0.2193
c1so6rv,0.11,0.138,0.752,-0.2193
c1so6zj,0.11,0.138,0.752,-0.2193
c1s4xis,0.112,0.052,0.836,0.3182
c1sdn1n,0.0,0.0,1.0,0.0
c1s0qrz,0.0,0.0,1.0,0.0
c1s0ipl,0.105,0.0,0.895,0.3804
c1s444r,0.104,0.098,0.798,0.0387
c1s1gdk,0.159,0.047,0.795,0.7261
c1sar1w,0.264,0.0,0.736,0.836
c1s0il3,0.0,0.0,1.0,0.0
c1rymnj,0.252,0.121,0.627,0.4926
c1ryovo,0.268,0.054,0.678,0.8459
c1rzxxq,0.0,0.0,1.0,0.0
c1rzxo7,0.143,0.081,0.776,0.2716
c1ryoav,0.414,0.0,0.586,0.8619
c1rzf8a,0.245,0.276,0.479,-0.1496
c1rzud5,0.158,0.113,0.729,0.8042
c1s6q8u,0.158,0.0,0.842,0.8313
c1s11ap,0.0,0.0,1.0,0.0
c1s2wqa,0.155,0.063,0.782,0.4675
c1s006w,0.077,0.148,0.774,-0.7281
c1rytaq,0.0,0.0,1.0,0.0
c1s3co5,0.352,0.048,0.601,0.7958
c1sourh,0.209,0.109,0.682,0.5346
c1s1dde,0.145,0.053,0.802,0.5267
c1s8iop,0.0,0.0,1.0,0.0
c1s7slz,0.0,0.0,1.0,0.0
c1ryoke,0.441,0.0,0.559,0.7845
c1s2u22,0.286,0.081,0.633,0.8165
c1s02a8,0.142,0.123,0.735,0.1027
c1rzy0g,0.0,0.0,1.0,0.0
c1rz1m0,0.165,0.079,0.756,0.3612
c1s00z5,0.163,0.02,0.816,0.8151
c1s14yy,0.165,0.379,0.456,-0.578
c1snqso,0.0,0.081,0.919,-0.296
c1rz2kj,0.0,0.0,1.0,0.0
c1rz53p,0.0,0.0,1.0,0.0
c1rz63y,0.158,0.351,0.491,-0.6249
c1s3ucr,0.109,0.0,0.891,0.4019
c1s1gkz,0.14,0.223,0.637,-0.0772
c1sqnv8,0.0,0.0,1.0,0.0
c1rzr8j,0.0,1.0,0.0,-0.1531
c1rz5e1,0.0,0.0,1.0,0.0
c1t2umx,0.196,0.088,0.716,0.9739
c1t442c,0.0,0.272,0.728,-0.7264
c1t4hld,0.375,0.0,0.625,0.4588
c1t2dhh,0.252,0.069,0.68,0.9927
c1t4do7,0.235,0.0,0.765,0.6114
c1t2g2z,0.137,0.042,0.822,0.8318
c1t33lp,0.025,0.061,0.914,-0.6845
c1t5bi6,0.173,0.052,0.775,0.9558
c1t5xmi,0.105,0.031,0.865,0.8856
c1t7ntj,0.201,0.19,0.609,0.128
c1t5dhn,0.193,0.027,0.78,0.9532
c1t5kec,0.278,0.032,0.69,0.9685
c1t5qi6,0.181,0.323,0.495,-0.9038
c1t2ddj,0.0,0.0,1.0,0.0
c1t5740,0.119,0.03,0.851,0.8053
c1t9ypk,0.133,0.079,0.787,0.7083
c1t4wtu,0.059,0.214,0.727,-0.9381
c1t3oy8,0.02,0.034,0.946,-0.0799
c1t39xp,0.081,0.108,0.811,-0.718
c1t4boy,0.0,0.161,0.839,-0.5859
c1t48vs,0.296,0.0,0.704,0.2732
c1t5u6s,0.0,0.0,1.0,0.0
c1t4moo,0.216,0.107,0.677,0.7269
c1t4po9,0.0,0.0,1.0,0.0
c1t36zy,0.083,0.071,0.846,0.2394
c1t2ecm,0.0,0.29,0.71,-0.6486
c1t4nf4,0.064,0.093,0.843,-0.3182
c1t4bel,0.0,0.452,0.548,-0.9594
c1tc95x,0.0,0.248,0.752,-0.8047
c1t2ila,0.134,0.019,0.848,0.8945
c1t393u,0.142,0.0,0.858,0.8043
c1t4n9u,0.189,0.0,0.811,0.4201
c1t5lwk,0.186,0.0,0.814,0.9266
c1t5tqx,0.02,0.197,0.784,-0.8989
c1t67k7,0.134,0.069,0.797,0.4497
c1t6soj,0.346,0.0,0.654,0.5719
c1tbc1k,0.488,0.0,0.512,0.8221
c1t2elp,0.22,0.019,0.761,0.9592
c1t43ia,0.071,0.1,0.829,-0.1531
c1t5nk6,0.333,0.0,0.667,0.6705
c1ta0ki,0.165,0.036,0.799,0.9854
c1t5u3g,0.0,0.0,1.0,0.0
c1tbko2,0.043,0.033,0.925,0.2132
c1t3vg8,0.222,0.103,0.675,0.8954
c1t6ep9,0.048,0.089,0.864,-0.6287
c1t4a67,0.0,0.399,0.601,-0.743
c1t4tit,0.0,0.0,1.0,0.0
c1t4ux8,0.0,0.0,1.0,0.0
c1t4bl0,0.185,0.043,0.772,0.8081
c1t9gh1,0.066,0.0,0.934,0.4019
c1t5l0n,0.117,0.091,0.792,0.7867
c1t2huf,0.0,0.0,1.0,0.0
c1tczxn,0.05,0.055,0.895,-0.0418
c1tm6vx,0.081,0.0,0.919,0.5423
c1tbj48,0.0,0.0,1.0,0.0
c1t2fil,0.0,0.0,1.0,0.0
c1t445t,0.615,0.0,0.385,0.4927
c1t4mhg,0.172,0.0,0.828,0.4019
c1t67xk,0.535,0.0,0.465,0.3182
c1tblbw,0.398,0.189,0.413,0.3693
c1t6nia,0.164,0.0,0.836,0.6249
c1t73pg,0.236,0.0,0.764,0.9223
c1t58dg,0.132,0.115,0.752,0.1007
c1t9hez,0.119,0.098,0.783,0.2023
c1tcyjs,0.0,0.058,0.942,-0.5367
c1t5lj4,0.256,0.089,0.656,0.7269
c1t6be2,0.095,0.06,0.845,0.3291
c1t2igf,0.388,0.0,0.612,0.6908
c1tmbxs,0.225,0.0,0.775,0.4404
c1tcczm,0.28,0.089,0.632,0.6406
c1t2i50,0.0,0.18,0.82,-0.2942
c1t3dnb,0.075,0.185,0.741,-0.9611
c1t4my6,0.163,0.149,0.688,-0.1298
c1t4ujs,0.44,0.0,0.56,0.6705
c1tmkn3,0.167,0.0,0.833,0.4588
c1t6g6v,0.245,0.241,0.514,-0.204
c1t4mee,0.0,0.458,0.542,-0.8519
c1t5y32,0.0,0.066,0.934,-0.0516
c1u9ktr,0.048,0.139,0.813,-0.9772
c1u9per,0.0,0.0,1.0,0.0
c1uasgn,0.0,0.0,1.0,0.0
c1uae3e,0.225,0.044,0.731,0.871
c1u9oz2,0.123,0.105,0.771,0.1523
c1uag2y,0.144,0.093,0.763,0.6183
c1uasjn,0.219,0.069,0.712,0.9525
c1ub6pu,0.086,0.083,0.83,0.048
c1u9jwp,0.0,0.0,1.0,0.0
c1ue96j,0.198,0.052,0.75,0.9512
c1u9n80,0.157,0.143,0.7,0.4399
c1uaex1,0.264,0.145,0.591,0.8057
c1ubq9r,0.098,0.029,0.873,0.784
c1uk8mu,0.166,0.214,0.621,-0.1779
c1ubowo,0.117,0.089,0.794,0.5549
c1udbuk,0.0,0.099,0.901,-0.5256
c1ub33a,0.2,0.124,0.676,0.6022
c1uccww,0.158,0.0,0.842,0.8439
c1ulo88,0.297,0.0,0.703,0.9625
c1u9q55,0.249,0.058,0.692,0.9957
c1u9lqw,0.028,0.092,0.881,-0.5719
c1uh0h5,0.133,0.095,0.772,0.3384
c1u9lxs,1.0,0.0,0.0,0.2732
c1ua1bt,0.259,0.0,0.741,0.6369
c1ubt8v,0.185,0.07,0.746,0.8945
c1uc8tb,0.146,0.0,0.854,0.8779
c1ubt02,0.0,0.095,0.905,-0.2732
c1uin6o,0.0,0.0,1.0,0.0
c1ubdza,0.087,0.0,0.913,0.3182
c1uaioj,0.133,0.0,0.867,0.6705
c1uarlo,0.0,0.14,0.86,-0.4767
c1uce61,0.3,0.0,0.7,0.7419
c1uauk4,0.245,0.0,0.755,0.9396
c1ucqg6,0.11,0.141,0.749,-0.1962
c1ubqwx,0.0,0.28,0.72,-0.765
c1u9usd,0.0,0.136,0.864,-0.5499
c1u9m7b,0.082,0.307,0.611,-0.7476
c1u9o7m,0.137,0.108,0.755,0.5416
c1ucszl,0.1,0.041,0.859,0.5216
c1uabhg,0.0,0.0,1.0,0.0
c1ubag5,0.0,0.085,0.915,-0.2617
c1ubwqm,0.15,0.058,0.792,0.5103
c1ubtum,0.0,0.0,1.0,0.0
c1ucmfp,0.052,0.137,0.811,-0.6249
c1ubsf3,0.0,0.239,0.761,-0.5267
c1uameu,0.0,0.0,1.0,0.0
c1ua8tj,0.145,0.0,0.855,0.2584
c1uch3b,0.0,0.0,1.0,0.0
c1u9mi4,0.178,0.0,0.822,0.6597
c1udemx,0.15,0.0,0.85,0.4019
c1uc982,0.238,0.036,0.726,0.8716
c1ulnbv,0.102,0.0,0.898,0.3612
c1uvt9d,0.091,0.027,0.882,0.8668
c1uc3da,0.0,0.0,1.0,0.0
c1uvthq,0.0,0.0,1.0,0.0
c1ul4sv,0.143,0.068,0.789,0.7203
c1ucsc1,0.072,0.055,0.873,0.1939
c1uarlg,0.321,0.0,0.679,0.7311
c1uau9i,0.116,0.092,0.792,0.1072
c1ucmpb,0.061,0.052,0.886,0.0992
c1ucgp5,0.297,0.0,0.703,0.5859
c1ucy78,0.075,0.0,0.925,0.296
c1uam5u,0.058,0.142,0.8,-0.4201
c1uaebo,0.0,0.0,1.0,0.0
c1ujiun,0.182,0.209,0.608,-0.1027
c1u9v86,0.095,0.0,0.905,0.296
c1uaj1u,0.0,0.16,0.84,-0.8354
c1ucwvc,0.118,0.086,0.796,0.3565
c1uapro,0.135,0.088,0.777,0.1018
c1ucps1,0.093,0.213,0.694,-0.7286
c1uddi0,0.086,0.084,0.83,0.0534
c1uajir,0.138,0.0,0.862,0.6365
c1uc8ev,0.176,0.152,0.672,-0.2606
c1uf1h2,0.265,0.0,0.735,0.888
c1ucn46,0.0,0.0,1.0,0.0
c1uw5af,0.056,0.08,0.864,-0.367
c1ucect,0.124,0.0,0.876,0.4767
c1uvtdz,0.204,0.0,0.796,0.3182
c1uvugv,0.099,0.0,0.901,0.1655
c1uavg9,0.359,0.0,0.641,0.4215
c1ud4vd,0.078,0.112,0.81,-0.4939
c1ubbok,0.188,0.212,0.599,-0.0721
c1uatsg,0.424,0.0,0.576,0.5684
c1uk1n2,0.367,0.0,0.633,0.4404
c1ubbpr,0.0,0.293,0.707,-0.3595
c1uar0h,0.481,0.0,0.519,0.6767
c1uauxx,0.238,0.048,0.713,0.9199
c1ubu9a,0.163,0.132,0.705,0.4588
c1ucuns,0.0,0.0,1.0,0.0
c1uf871,0.149,0.0,0.851,0.4215
c1uk6ll,0.0,0.0,1.0,0.0
c1uir77,0.0,0.238,0.762,-0.3612
c1udq2f,0.031,0.288,0.68,-0.8807
c1uax9o,0.0,0.0,1.0,0.0
c1uc4ws,0.071,0.057,0.872,0.2691
c1ubuh3,0.315,0.0,0.685,0.5562
c1uav2b,0.0,0.0,1.0,0.0
c1uazux,1.0,0.0,0.0,0.658
c1ukh3z,0.103,0.358,0.54,-0.5758
c1ucqay,1.0,0.0,0.0,0.296
c1ucq93,0.105,0.08,0.814,0.1503
c1ucggy,0.124,0.158,0.717,-0.1083
c1udfzh,0.688,0.0,0.312,0.296
c1ulnwr,0.0,1.0,0.0,-0.1779
c1ukxs0,0.158,0.175,0.667,-0.1604
c1ug3pd,0.0,0.0,1.0,0.0
c1ul9bp,0.068,0.033,0.898,0.2803
c1ul1u0,0.053,0.198,0.75,-0.6386
c1wqz8i,0.244,0.048,0.708,0.9612
c1wqpuv,0.0,0.0,1.0,0.0
c1wqv20,0.081,0.042,0.878,0.358
c1wuoxy,0.211,0.0,0.789,0.6124
c1wveed,0.265,0.0,0.735,0.6893
c1wr775,0.147,0.045,0.808,0.6022
c1wrjri,0.0,0.0,1.0,0.0
c1wqr7v,0.0,0.443,0.557,-0.8847
c1wrrhv,0.119,0.128,0.752,-0.0516
c1wvyao,0.064,0.077,0.858,-0.5541
c1wt0jb,0.173,0.0,0.827,0.9186
c1wryk4,0.136,0.08,0.783,0.7425
c1wu8tf,0.0,0.167,0.833,-0.25
c1wrh4y,0.022,0.199,0.779,-0.9239
c1wr224,0.239,0.0,0.761,0.9299
c1wzrr8,0.055,0.161,0.784,-0.6331
c1wr93r,0.443,0.328,0.229,0.128
c1wqvmp,0.093,0.274,0.633,-0.6486
c1wqzdj,0.149,0.041,0.809,0.8555
c1x2ivs,0.125,0.045,0.83,0.9709
c1wres4,0.136,0.0,0.864,0.7096
c1wrlbi,0.0,0.0,1.0,0.0
c1wqrsi,0.0,0.0,1.0,0.0
c1wx7rm,0.162,0.165,0.673,-0.0387
c1wy43w,0.0,0.133,0.867,-0.9455
c1wu6ly,0.087,0.062,0.851,0.7395
c1ws083,0.144,0.076,0.78,0.3389
c1wu93z,0.127,0.065,0.809,0.8225
c1wsyiy,0.202,0.036,0.762,0.989
c1wrm2v,0.095,0.018,0.887,0.7814
c1wr90x,0.0,0.327,0.673,-0.8804
c1wy327,0.116,0.0,0.884,0.2732
c1wrmhg,0.302,0.281,0.417,0.0516
c1wr8ro,0.095,0.103,0.802,-0.0516
c1wsaq8,0.4,0.277,0.323,0.2263
c1wr6m5,0.0,0.0,1.0,0.0
c1wrmgj,0.11,0.251,0.639,-0.8442
c1wt68t,0.225,0.094,0.681,0.4754
c1ws7i2,0.114,0.25,0.636,-0.4588
c1wqrzr,0.0,0.3,0.7,-0.4588
c1ws14p,0.0,0.0,1.0,0.0
c1wy2sh,0.126,0.126,0.748,-0.2484
c1xjhgb,0.0,0.0,1.0,0.0
c1wt72m,0.316,0.224,0.46,0.1531
c1wrefq,0.074,0.084,0.842,-0.0985
c1ws9pa,0.0,0.0,1.0,0.0
c1wsnx3,0.188,0.105,0.707,0.4478
c1wt471,0.336,0.0,0.664,0.994
c1wqsq9,0.278,0.0,0.722,0.5927
c1wspzq,0.072,0.123,0.805,-0.3182
c1wz0wi,0.104,0.0,0.896,0.2975
c1wrfbi,0.08,0.091,0.829,-0.0985
c1wved2,0.042,0.0,0.958,0.2023
c1wz19y,0.243,0.0,0.757,0.7506
c1ws0l5,0.126,0.079,0.794,0.1496
c1wvf96,0.0,0.116,0.884,-0.2411
c1ws700,0.0,0.0,1.0,0.0
c1wuclt,0.242,0.0,0.758,0.4939
c1y0usx,0.213,0.162,0.624,0.3016
c1y17nw,0.272,0.067,0.661,0.9952
c1y0czm,0.049,0.228,0.723,-0.8658
c1y17wj,0.254,0.067,0.679,0.9211
c1y454z,0.123,0.073,0.804,0.9137
c1y1a6b,0.17,0.019,0.811,0.9795
c1y05vr,0.117,0.296,0.587,-0.6584
c1y0a9y,0.315,0.081,0.604,0.8561
c1y1o6b,0.031,0.138,0.832,-0.7432
c1y0qd4,0.0,0.0,1.0,0.0
c1y2j38,0.107,0.039,0.854,0.3612
c1y43jo,0.0,0.0,1.0,0.0
c1y389i,0.169,0.163,0.667,-0.7518
c1y3ydg,0.103,0.136,0.76,-0.6625
c1y1nfq,0.163,0.069,0.768,0.9398
c1y0oxw,0.0,0.0,1.0,0.0
c1y16cz,0.556,0.0,0.444,0.3612
c1y12ht,0.083,0.06,0.857,0.2484
c1y1az3,0.0,0.0,1.0,0.0
c1y2d44,0.0,0.0,1.0,0.0
c1ybwxs,0.0,0.0,1.0,0.0
c1y1vs1,0.187,0.174,0.639,0.0387
c1y1mbe,0.0,0.242,0.758,-0.4257
c1y0wwh,0.078,0.102,0.82,-0.2732
c1y1a3k,0.183,0.0,0.817,0.4854
c1y1hsa,0.111,0.047,0.842,0.3975
c1y1akq,0.12,0.0,0.88,0.5499
c1ydqrh,0.312,0.102,0.585,0.6486
c1y96kj,0.213,0.0,0.787,0.6613
c1y1fpy,0.092,0.106,0.802,-0.0708
c1y0wnq,0.055,0.196,0.749,-0.8481
c1y1pha,0.327,0.122,0.551,0.6361
c1y0upy,0.0,0.714,0.286,-0.6124
c1y0lca,0.202,0.139,0.659,0.3291
c1y294j,0.235,0.173,0.591,0.3516
c1y2hj3,0.0,0.113,0.887,-0.7506
c1y0we0,0.0,0.0,1.0,0.0
c1y4quh,0.0,0.186,0.814,-0.8481
c1y4g1t,0.089,0.039,0.872,0.4939
c1yitmr,0.107,0.039,0.853,0.5106
c1y20fg,0.071,0.109,0.82,-0.6229
c1y1lrl,0.0,0.34,0.66,-0.7345
c1y243m,0.263,0.126,0.611,0.8013
c1y3e9g,0.0,0.0,1.0,0.0
c1y3afi,0.152,0.067,0.781,0.9285
c1y3ofy,0.229,0.049,0.721,0.8169
c1y4msq,0.138,0.083,0.78,0.6187
c1y5ioj,0.186,0.062,0.752,0.5859
c1y9biy,0.0,0.161,0.839,-0.6889
c1y4nei,0.0,0.0,1.0,0.0
c1y1294,0.0,0.0,1.0,0.0
c1y1jl9,0.246,0.188,0.565,0.302
c1y3cf1,0.201,0.261,0.537,-0.2244
c1y1h2u,0.171,0.0,0.829,0.6059
c1y8pet,0.0,0.4,0.6,-0.4588
c1y2pwg,0.088,0.0,0.912,0.1139
c1y108n,0.11,0.163,0.727,-0.8462
c1y0zlp,0.583,0.0,0.417,0.6369
c1y2fmn,0.068,0.104,0.828,-0.6413
c1y4ils,0.131,0.22,0.65,-0.9022
c1y9erx,0.219,0.0,0.781,0.4215
c1y9abm,0.0,0.074,0.926,-0.0516
c1y1vdr,0.101,0.093,0.805,0.128
c1y3tdh,0.0,0.198,0.802,-0.4939
c1yit1n,0.109,0.218,0.674,-0.7041
c1y9cl6,0.718,0.0,0.282,0.6249
c1y9coy,0.0,0.095,0.905,-0.2755
c1y0veu,0.057,0.182,0.761,-0.8271
c1y2qcl,0.0,0.0,1.0,0.0
c1y3o52,0.094,0.051,0.856,0.2748
c1yyyf3,0.0,0.545,0.455,-0.5574
c1yjqkk,0.052,0.067,0.881,-0.1531
c1y2exp,0.0,0.079,0.921,-0.4331
c1y3sal,0.205,0.166,0.629,0.5584
c1y36lt,0.412,0.0,0.588,0.2732
c1y3buu,0.172,0.13,0.699,0.2894
c1y4sw8,0.119,0.068,0.813,0.6352
c1y5iew,0.0,0.13,0.87,-0.2732
c1y1gyq,0.0,0.365,0.635,-0.3182
c1y8ri0,0.0,0.399,0.601,-0.8519
c1y8q22,0.0,0.0,1.0,0.0
c1y50n3,0.0,0.0,1.0,0.0
c1y4q9j,0.0,0.0,1.0,0.0
c1y12y1,0.508,0.0,0.492,0.7351
c1y5rt3,0.0,0.121,0.879,-0.296
c1y1bv7,0.21,0.022,0.768,0.875
c1y2x02,0.03,0.095,0.875,-0.3289
c1y2iuh,0.301,0.0,0.699,0.91
c1y4jxi,0.512,0.0,0.488,0.7425
c1y2j3z,0.182,0.088,0.73,0.8344
c1y2hzr,0.073,0.305,0.623,-0.7866
c1y2rhk,0.046,0.164,0.789,-0.7506
c1y9d5h,0.057,0.146,0.798,-0.7486
c1yyyyn,0.061,0.0,0.939,0.0772
c1ym642,0.0,0.0,1.0,0.0
c1y4jku,0.069,0.125,0.806,-0.6743
c1y3p68,0.118,0.116,0.766,0.263
c1y4vtw,0.0,0.0,1.0,0.0
c1y9epi,0.087,0.254,0.658,-0.649
c1y8qc1,0.435,0.0,0.565,0.7717
c1yivsw,0.0,0.073,0.927,-0.3182
c1y340m,0.375,0.0,0.625,0.4588
c1y38xm,0.15,0.0,0.85,0.5562
c1y2tt8,0.103,0.02,0.877,0.7564
c1y95vt,0.054,0.305,0.64,-0.7804
c1y2t0h,0.105,0.109,0.786,-0.1378
c1y4k2t,0.516,0.0,0.484,0.4927
c1y5f2h,0.0,0.0,1.0,0.0
c1y55c4,0.0,0.302,0.698,-0.3818
c1y5y9d,0.0,0.0,1.0,0.0
c1y34ko,0.176,0.0,0.824,0.4588
c1yg32l,0.0,0.0,1.0,0.0
c1y9d7d,0.0,0.0,1.0,0.0
c1y5ifc,0.0,0.0,1.0,0.0
c1y5gxo,0.0,0.184,0.816,-0.4019
c1z4w24,0.0,0.202,0.798,-0.5848
c1pxxsb,0.0,0.0,1.0,0.0
c1py6sr,0.0,0.0,1.0,0.0
c1pypa8,0.0,0.0,1.0,0.0
c1pyf1n,0.0,0.178,0.822,-0.4951
c1py7g7,0.37,0.0,0.63,0.7932
c1pyi12,0.349,0.0,0.651,0.7639
c1pyy1m,0.23,0.04,0.73,0.8734
c1py9cj,0.181,0.0,0.819,0.6369
c1py977,0.231,0.414,0.355,-0.4767
c1pymbh,0.239,0.044,0.717,0.9815
c1py88q,0.408,0.088,0.504,0.9287
c1pypxp,0.129,0.123,0.748,-0.3044
c1py72z,0.217,0.0,0.783,0.3612
c1pzs6d,0.133,0.097,0.77,0.9734
c1pxvxf,0.154,0.274,0.572,-0.3544
c1py6vi,0.339,0.0,0.661,0.6249
c1py8is,0.152,0.0,0.848,0.3612
c1pyouy,0.0,0.267,0.733,-0.7105
c1q0dvd,0.555,0.0,0.445,0.7177
c1pyamk,0.098,0.046,0.855,0.6884
c1pyfn0,0.0,0.167,0.833,-0.1531
c1py7ah,0.622,0.0,0.378,0.7125
c1pzyul,0.193,0.0,0.807,0.9571
c1q0a54,0.117,0.0,0.883,0.7574
c1q0onf,0.106,0.085,0.809,0.1298
c1q04zb,0.134,0.0,0.866,0.5023
c1py9jg,0.222,0.061,0.717,0.802
c1pyf4c,0.0,0.0,1.0,0.0
c1pyfwk,0.231,0.0,0.769,0.5994
c1pyeoa,0.174,0.016,0.81,0.8922
c1pzdi3,0.308,0.0,0.692,0.9566
c1q04jg,0.073,0.11,0.816,-0.4215
c1py97r,0.0,0.0,1.0,0.0
c1pyuji,0.16,0.259,0.58,-0.2991
c1pz9q2,0.241,0.0,0.759,0.743
c1pywwn,0.04,0.071,0.889,-0.25
c1pyxqi,0.335,0.047,0.618,0.9811
c1q05b4,0.0,0.0,1.0,0.0
c1pzwr4,0.414,0.045,0.541,0.9119
c1q0kdg,0.308,0.164,0.528,0.7774
c1q0zr8,0.0,0.0,1.0,0.0
c1q07j4,0.0,0.104,0.896,-0.6199
c1q0rdw,0.11,0.037,0.852,0.9252
c1q1f1q,0.0,0.0,1.0,0.0
c1pyxcc,0.137,0.058,0.805,0.8206
c1pyhb9,0.236,0.085,0.68,0.7365
c1pzvph,0.0,0.0,1.0,0.0
c1pz7gp,0.087,0.0,0.913,0.25
c1q1ggn,0.0,0.124,0.876,-0.4019
c1q1i2h,0.0,0.0,1.0,0.0
c1q3i5l,0.023,0.202,0.775,-0.9657
c1q3o2v,0.221,0.023,0.755,0.8842
c1q45eg,0.182,0.0,0.818,0.8644
c1q6a18,0.064,0.021,0.915,0.453
c1pz03d,0.099,0.0,0.901,0.8065
c1pzgkd,0.206,0.0,0.794,0.7579
c1pz72g,0.0,0.0,1.0,0.0
c1pya2z,0.231,0.0,0.769,0.5106
c1pyrw4,0.503,0.0,0.497,0.8442
c1py4w1,0.369,0.0,0.631,0.8016
c1pym56,0.267,0.0,0.733,0.3724
c1pzdzu,0.0,0.159,0.841,-0.3527
c1pycbf,0.0,0.0,1.0,0.0
c1py8d2,0.0,0.145,0.855,-0.3328
c1q8w2d,0.0,0.0,1.0,0.0
c1pytb6,0.278,0.0,0.722,0.6597
c1pzz8o,0.0,0.0,1.0,0.0
c1pyzfd,0.392,0.0,0.608,0.9541
c1pyywv,0.18,0.0,0.82,0.296
c1q1f6d,0.218,0.0,0.782,0.6486
c1q2q5v,0.0,0.0,1.0,0.0
c1pyt1a,0.668,0.0,0.332,0.7925
c1pzfjm,0.116,0.116,0.768,-0.0057
c1pzzyw,0.138,0.013,0.849,0.9516
c1pz9nm,0.117,0.114,0.769,0.7015
c1pys4i,0.0,0.05,0.95,-0.296
c1pylb4,0.08,0.08,0.839,0.0
c1pz6m2,0.285,0.036,0.679,0.9537
c1pythh,0.057,0.045,0.898,0.1613
c1q0kf1,0.232,0.0,0.768,0.9214
c1q1d9q,0.096,0.068,0.837,0.34
c1pzgxl,0.0,0.059,0.941,-0.2057
c1q0ezw,0.061,0.076,0.863,-0.2928
c1q0fjc,0.067,0.041,0.892,0.1531
c1q10d6,0.177,0.0,0.823,0.659
c1q24o5,0.037,0.11,0.854,-0.5574
c1q2fxg,0.498,0.164,0.339,0.6068
c1q2md8,0.0,0.0,1.0,0.0
c1q47v1,0.022,0.017,0.961,0.1171
c1qa7xq,0.094,0.019,0.887,0.7743
c1pyn37,0.1,0.0,0.9,0.3732
c1pyj8c,0.407,0.0,0.593,0.7002
c1pyk2t,0.374,0.0,0.626,0.8795
c1pyq0f,0.233,0.055,0.713,0.6956
c1pzfv6,0.091,0.0,0.909,0.4019
c1pyu62,0.131,0.053,0.816,0.2263
c1q105h,0.188,0.08,0.732,0.9016
c1q0or8,0.085,0.163,0.752,-0.5859
c1q0ysv,0.207,0.0,0.793,0.7783
c1q1vgt,0.08,0.156,0.764,-0.5273
c1q2z72,0.191,0.103,0.707,0.8704
c1q53c5,0.336,0.126,0.538,0.5709
c1pz3ck,0.226,0.121,0.653,0.4744
c1q0dqy,0.24,0.021,0.738,0.909
c1q0axz,0.316,0.091,0.593,0.6908
c1q0rjq,0.207,0.066,0.727,0.6642
c1pyo22,0.383,0.0,0.617,0.8519
c1q0xh8,0.258,0.0,0.742,0.7906
c1pyofe,0.212,0.0,0.788,0.7684
c1pycwd,0.208,0.234,0.557,-0.1184
c1pzjja,0.111,0.191,0.698,-0.6909
c1pzxim,0.115,0.067,0.818,0.5994
c1q0r34,0.105,0.225,0.67,-0.5423
c1pyt4b,0.329,0.26,0.411,0.128
c1q1jve,0.07,0.036,0.894,0.5564
c1py8u6,0.268,0.108,0.623,0.7098
c1pyyws,0.0,0.0,1.0,0.0
c1py8l9,0.09,0.256,0.654,-0.62
c1pywwx,0.245,0.069,0.687,0.6249
c1py9ni,0.0,0.0,1.0,0.0
c1pzloo,0.315,0.0,0.685,0.8624
c1q13j6,0.0,0.487,0.513,-0.5848
c1pytfa,0.0,0.0,1.0,0.0
c1pytfy,0.0,0.0,1.0,0.0
c1q0yid,0.0,0.164,0.836,-0.7086
c1py8df,0.528,0.0,0.472,0.7717
c1py8bq,0.352,0.0,0.648,0.5859
c1py7k4,0.13,0.0,0.87,0.4585
c1pz6p6,0.279,0.0,0.721,0.4754
c1pyz4j,0.312,0.055,0.634,0.852
c1py7j2,0.238,0.0,0.762,0.3612
c1q0jw8,0.209,0.0,0.791,0.5719
c1q1ue5,0.113,0.072,0.815,0.8424
c1pzyju,0.17,0.075,0.754,0.7992
c1q1ytb,0.081,0.069,0.85,0.0445
c1q22e5,0.171,0.035,0.794,0.8685
c1py86k,0.0,0.0,1.0,0.0
c1py8x0,0.5,0.0,0.5,0.7177
c1pyc3s,0.266,0.0,0.734,0.5719
c1py905,0.0,0.0,1.0,0.0
c1pyp2l,0.103,0.092,0.805,0.0772
c1pypcd,0.057,0.0,0.943,0.2732
c1pypnx,0.0,0.0,1.0,0.0
c1q0zlv,0.096,0.04,0.864,0.4588
c1q0g23,0.184,0.126,0.69,0.25
c1pybn2,0.118,0.135,0.747,-0.624
c1pycfh,0.0,0.0,1.0,0.0
c1pzwo4,0.0,0.212,0.788,-0.5423
c1pzap7,0.103,0.112,0.785,-0.0521
c1pysxy,0.107,0.0,0.893,0.3626
c1q1s2d,0.0,0.135,0.865,-0.7964
c1q1ljm,0.13,0.0,0.87,0.4588
c1q0vpm,0.166,0.172,0.662,-0.0258
c1pz7kr,0.281,0.241,0.478,0.5699
c1pyat2,0.281,0.097,0.622,0.8225
c1q1miw,0.122,0.0,0.878,0.5574
c1pz67l,0.216,0.0,0.784,0.7003
c1q0qp5,0.122,0.074,0.804,0.7645
c1q0ysy,0.136,0.0,0.864,0.4588
c1pzfor,0.085,0.0,0.915,0.3008
c1q1pz1,0.0,0.0,1.0,0.0
c1q21ju,0.162,0.113,0.724,0.1655
c1q071s,0.0,0.0,1.0,0.0
c1py9n3,0.149,0.134,0.717,0.1144
c1py9rf,0.073,0.132,0.795,-0.1833
c1pyvb9,0.194,0.208,0.599,-0.1027
c1pywlw,0.0,0.0,1.0,0.0
c1q10uc,0.135,0.231,0.635,-0.5859
c1q22m4,0.265,0.0,0.735,0.5267
c1pz722,0.086,0.0,0.914,0.4939
c1q0oxd,0.0,0.082,0.918,-0.34
c1q0ayu,0.0,0.0,1.0,0.0
c1q0b1s,0.0,0.0,1.0,0.0
c1q0c34,0.0,0.0,1.0,0.0
c1q3wf9,0.113,0.143,0.744,-0.4504
c1q1gel,0.0,0.0,1.0,0.0
c1q0aza,0.0,0.0,1.0,0.0
c1q0w7b,0.267,0.162,0.571,0.296
c1q0vyz,0.096,0.015,0.889,0.7809
c1q1nki,0.0,0.0,1.0,0.0
c1q1qji,0.06,0.104,0.835,-0.4404
c1q2ki9,0.0,0.0,1.0,0.0
c1q22km,0.255,0.0,0.745,0.5849
c1pzlq9,0.094,0.0,0.906,0.4939
c1pzzf0,0.095,0.0,0.905,0.3182
c1pzzsc,0.0,0.149,0.851,-0.434
c1q1y4b,0.109,0.061,0.83,0.3699
c1q2gr8,0.376,0.108,0.516,0.6908
c1pzvg4,0.163,0.0,0.837,0.6249
c1q0wcg,0.157,0.0,0.843,0.6369
c1q0ps0,0.08,0.0,0.92,0.2732
c1pycv3,0.396,0.232,0.372,0.6611
c1pyn5b,0.143,0.232,0.625,-0.6124
c1q52vx,0.262,0.0,0.738,0.5994
c1py8rf,0.0,0.0,1.0,0.0
c1py8tj,0.0,0.0,1.0,0.0
c1pz3ds,0.294,0.0,0.706,0.3612
c1q0ghd,0.372,0.138,0.49,0.584
c1q20mf,0.0,0.741,0.259,-0.6929
c1q81yd,0.284,0.109,0.607,0.8486
c1pz30g,0.198,0.055,0.748,0.7122
c1q02ub,0.189,0.0,0.811,0.6369
c1q1hrl,0.224,0.0,0.776,0.8958
c1q02wc,0.273,0.0,0.727,0.4588
c1pzkkh,0.054,0.0,0.946,0.4201
c1q14oi,0.079,0.05,0.871,0.1909
c1q04op,0.0,0.0,1.0,0.0
c1q0al5,0.085,0.147,0.768,-0.6996
c1q1731,0.079,0.049,0.872,0.34
c1q3kqi,0.2,0.058,0.742,0.7184
c1q7tpe,0.08,0.0,0.92,0.0762
c1pz3n9,0.186,0.0,0.814,0.6696
c1pysow,0.132,0.058,0.811,0.6772
c1pzk5n,0.221,0.0,0.779,0.8689
c1q0ab1,0.109,0.255,0.637,-0.5994
c1q0uvp,0.048,0.039,0.913,-0.1016
c1q0ywj,0.155,0.121,0.725,0.34
c1q4pxd,0.257,0.0,0.743,0.5423
c1pywit,0.074,0.069,0.858,0.0516
c1q0kka,0.231,0.0,0.769,0.4588
c1pykpx,0.086,0.147,0.767,-0.2484
c1q14uj,0.131,0.163,0.707,-0.2263
c1pyqiz,0.0,0.178,0.822,-0.0772
c1pzhz8,0.182,0.0,0.818,0.7471
c1q02n8,0.0,0.0,1.0,0.0
c1q1cuo,0.0,0.106,0.894,-0.2263
c1q7cwx,0.0,0.0,1.0,0.0
c1pyunf,0.0,0.0,1.0,0.0
c1q0te3,0.11,0.0,0.89,0.431
c1pyuvf,0.0,0.0,1.0,0.0
c1q7epk,0.097,0.254,0.649,-0.9119
c1q0311,0.139,0.0,0.861,0.4101
c1q0vla,0.101,0.055,0.844,0.3616
c1q26ic,0.158,0.0,0.842,0.4939
c1q1a1a,0.199,0.178,0.623,-0.1681
c1q2ff6,0.0,0.184,0.816,-0.3089
c1q00yz,0.296,0.0,0.704,0.6369
c1pz34e,0.0,0.0,1.0,0.0
c1pzps1,0.051,0.216,0.733,-0.8246
c1pygcr,0.219,0.0,0.781,0.4215
c1pylch,0.0,0.0,1.0,0.0
c1q0kyr,0.115,0.24,0.645,-0.6202
c1pyf2t,0.0,0.0,1.0,0.0
c1q1vwg,0.109,0.123,0.768,-0.1779
c1q2sro,0.254,0.0,0.746,0.5773
c1q4e4q,0.0,0.0,1.0,0.0
c1q06xg,0.132,0.11,0.758,-0.1901
c1pzfjb,0.36,0.137,0.504,0.4767
c1q1xwk,0.257,0.0,0.743,0.5859
c1pyymn,0.0,0.0,1.0,0.0
c1py9wl,0.272,0.0,0.728,0.6808
c1q2row,0.35,0.094,0.556,0.7184
c1q5299,0.0,0.229,0.771,-0.8807
c1pzymp,0.149,0.0,0.851,0.836
c1pyax7,0.0,0.0,1.0,0.0
c1pyb41,0.138,0.138,0.724,-0.2451
c1pzhf5,0.0,0.0,1.0,0.0
c1q00qo,0.202,0.0,0.798,0.4201
c1q0pha,0.44,0.0,0.56,0.6705
c1q0qj0,0.494,0.0,0.506,0.4449
c1q0hak,0.0,0.796,0.204,-0.5994
c1pz3t6,0.145,0.0,0.855,0.296
c1q0393,0.16,0.0,0.84,0.7269
c1q11x7,0.0,0.0,1.0,0.0
c1q0x2x,0.423,0.0,0.577,0.296
c1py99b,0.161,0.101,0.738,0.2263
c1pyg0u,0.323,0.066,0.611,0.8451
c1q0y3m,0.0,0.28,0.72,-0.3612
c1q11dp,0.365,0.0,0.635,0.8683
c1q16ko,0.471,0.0,0.529,0.9567
c1q1d9r,0.217,0.0,0.783,0.7495
c1pygt7,0.151,0.207,0.642,-0.2815
c1py8jf,0.0,0.22,0.78,-0.7762
c1py81b,0.148,0.114,0.738,0.1273
c1py88t,0.171,0.0,0.829,0.7184
c1qclj8,0.263,0.0,0.737,0.6841
c1q0nim,0.0,0.084,0.916,-0.3374
c1pyobu,0.333,0.0,0.667,0.3612
c1q2h7p,0.095,0.09,0.815,0.4328
c1q0n1m,0.181,0.0,0.819,0.4939
c1pykai,0.166,0.249,0.585,-0.211
c1q08do,0.0,0.0,1.0,0.0
c1pyttk,0.189,0.0,0.811,0.3252
c1pytch,0.0,0.0,1.0,0.0
c1pylbs,0.187,0.098,0.714,0.9184
c1q12um,0.146,0.063,0.79,0.7576
c1pyihv,0.0,0.288,0.712,-0.3453
c1q0hsv,0.177,0.0,0.823,0.7003
c1pz1xd,0.163,0.067,0.769,0.4588
c1q1mft,0.133,0.0,0.867,0.5927
c1q14eb,0.091,0.093,0.816,-0.0258
c1q08mi,0.482,0.0,0.518,0.4201
c1q0orb,0.305,0.0,0.695,0.7845
c1q07bg,0.0,0.251,0.749,-0.8658
c1q10bb,0.173,0.087,0.74,0.2755
c1pyvx0,0.254,0.151,0.595,0.765
c1pz57v,0.158,0.0,0.842,0.4939
c1pzn2r,0.068,0.032,0.899,0.3857
c1pz4w1,0.087,0.0,0.913,0.2911
c1q2jtg,0.113,0.086,0.802,0.4576
c1q2a8z,0.146,0.0,0.854,0.7003
c1q19d5,0.123,0.043,0.833,0.34
c1q23um,0.0,0.0,1.0,0.0
c1q23vu,0.339,0.235,0.427,0.2449
c1q7wiz,0.0,0.223,0.777,-0.694
c1q174z,0.237,0.0,0.763,0.4215
c1q1zf0,0.0,0.151,0.849,-0.1531
c1q03f2,0.053,0.053,0.894,0.0068
c1q0cat,0.0,0.0,1.0,0.0
c1pygsa,0.519,0.231,0.25,0.6808
c1q0wga,0.492,0.0,0.508,0.4404
c1py94t,0.408,0.0,0.592,0.7351
c1qvfb8,0.092,0.0,0.908,0.1833
c1q0vxa,0.269,0.0,0.731,0.7389
c1q2aoa,0.314,0.0,0.686,0.8893
c1q23th,0.097,0.024,0.879,0.6381
c1q03p0,0.189,0.245,0.566,-0.1509
c1q15jj,0.182,0.161,0.657,-0.0258
c1q16q0,0.192,0.0,0.808,0.6901
c1q4r7d,0.084,0.0,0.916,0.5719
c1pz1pj,0.609,0.0,0.391,0.8979
c1q1lop,0.189,0.0,0.811,0.6808
c1qcjxi,0.154,0.0,0.846,0.6833
c1pzmhw,0.098,0.176,0.725,-0.4588
c1pyt9f,0.07,0.229,0.701,-0.5994
c1pzmi7,0.0,0.04,0.96,-0.0772
c1pysrm,0.0,0.0,1.0,0.0
c1q0bm0,0.0,0.557,0.443,-0.82
c1q1u5i,0.0,0.228,0.772,-0.8481
c1q4dwz,0.0,0.0,1.0,0.0
c1q07n5,0.0,0.0,1.0,0.0
c1pzwwq,0.0,0.0,1.0,0.0
c1qck3g,0.198,0.0,0.802,0.6369
c1pyt54,0.186,0.0,0.814,0.4767
c1q0w19,0.272,0.0,0.728,0.7816
c1qcksb,0.0,0.049,0.951,-0.2732
c1pyfn3,0.053,0.091,0.856,-0.4588
c1q2j96,0.167,0.0,0.833,0.6369
c1q0e4m,0.42,0.0,0.58,0.4404
c1q07do,0.101,0.329,0.57,-0.6808
c1q0h0x,0.443,0.0,0.557,0.4902
c1pybl5,0.0,0.303,0.697,-0.813
c1q0wyd,0.326,0.0,0.674,0.8908
c1q00vz,0.118,0.076,0.806,0.2014
c1q3qoj,0.067,0.077,0.856,0.0616
c1pyc4m,0.6,0.0,0.4,0.4588
c1q0q6t,0.165,0.0,0.835,0.5499
c1pyced,0.115,0.119,0.766,-0.0258
c1pzm14,0.143,0.118,0.739,-0.0772
c1pzyfo,0.068,0.06,0.871,0.0525
c1q4xi2,0.0,0.0,1.0,0.0
c1pzesp,0.0,0.0,1.0,0.0
c1q0bl7,0.134,0.145,0.721,-0.14
c1q1k3x,0.318,0.0,0.682,0.7174
c1qclcv,0.0,0.216,0.784,-0.7152
c1py9jo,0.261,0.063,0.676,0.659
c1pyvny,0.125,0.189,0.687,-0.6349
c1pzl2h,0.088,0.0,0.912,0.34
c1pytu8,0.0,0.0,1.0,0.0
c1q0jiu,0.293,0.0,0.707,0.8655
c1pz3mh,0.0,0.0,1.0,0.0
c1q1mfd,0.0,0.145,0.855,-0.296
c1pym5z,0.0,0.0,1.0,0.0
c1pz5oh,0.124,0.0,0.876,0.4767
c1q04e0,0.0,0.0,1.0,0.0
c1q03xc,0.423,0.0,0.577,0.765
c1q222s,0.0,0.0,1.0,0.0
c1q0bra,0.0,0.145,0.855,-0.296
c1pzgwz,0.132,0.157,0.711,-0.6293
c1pzrmu,0.0,0.0,1.0,0.0
c1pzry1,0.0,0.0,1.0,0.0
c1pynmg,0.092,0.22,0.689,-0.5994
c1pybci,0.0,0.0,1.0,0.0
c1pyck8,0.323,0.0,0.677,0.7351
c22radw,0.0,0.0,1.0,0.0
c1q0a7g,0.0,0.276,0.724,-0.4912
c1q176q,0.0,0.072,0.928,-0.3736
c1q5c5l,0.033,0.0,0.967,0.3716
c1pze2a,0.0,0.318,0.682,-0.6369
c1q0k1e,0.239,0.0,0.761,0.5267
c1q0k77,0.0,0.186,0.814,-0.6597
c1pz0lj,0.0,0.224,0.776,-0.3818
c1q07se,0.361,0.17,0.469,0.5106
c1q011b,0.161,0.076,0.762,0.4404
c1q3oku,0.11,0.032,0.858,0.6697
c1q0wjl,0.416,0.0,0.584,0.8331
c1pyhk0,0.036,0.257,0.707,-0.9694
c1q0w0z,0.102,0.126,0.772,-0.4628
c1pys9z,0.0,0.0,1.0,0.0
c1q2kn2,0.181,0.327,0.492,-0.9285
c1q1afg,0.0,0.0,1.0,0.0
c1pyh2a,0.0,0.117,0.883,-0.3071
c1q09ag,0.112,0.0,0.888,0.5095
c1pyg9n,0.208,0.0,0.792,0.2732
c1q0wpg,0.111,0.0,0.889,0.3612
c1q3kc2,0.194,0.0,0.806,0.9136
c1q0qf6,0.145,0.0,0.855,0.5267
c1q2bny,0.246,0.0,0.754,0.7579
c1pzm73,0.0,0.329,0.671,-0.3507
c1q4wyj,0.0,0.0,1.0,0.0
c1pyoh9,0.18,0.0,0.82,0.0258
c1q9cy9,0.155,0.0,0.845,0.5927
c1pzyej,0.062,0.0,0.938,0.1511
c1q0394,0.0,0.0,1.0,0.0
c1q05a0,0.286,0.0,0.714,0.4939
c1q03rc,0.286,0.0,0.714,0.4939
c1q15pk,0.087,0.082,0.832,0.0366
c1q29zj,0.066,0.0,0.934,0.3818
c1pzkwc,0.125,0.0,0.875,0.6794
c1pz693,0.0,0.0,1.0,0.0
c1pz4nx,0.0,0.0,1.0,0.0
c1q2tbp,0.103,0.0,0.897,0.34
c1pyz1a,0.435,0.0,0.565,0.8271
c1q13f1,0.1,0.0,0.9,0.3716
c1pzraw,0.0,0.222,0.778,-0.7425
c1pyrtp,0.444,0.0,0.556,0.4926
c1pyt3v,0.615,0.0,0.385,0.4926
c1q0hhj,0.0,0.0,1.0,0.0
c1q1r2s,0.043,0.052,0.905,-0.1027
c1q3qk7,0.141,0.055,0.804,0.5267
c1q1tg3,0.154,0.209,0.637,-0.2686
c1q0x0n,0.328,0.051,0.62,0.8225
c1q16yy,0.409,0.0,0.591,0.807
c1q2i8y,0.143,0.105,0.752,0.1102
c1q3te8,0.127,0.083,0.791,0.3853
c1pzs31,0.372,0.244,0.385,0.25
c1q0qa0,0.06,0.244,0.696,-0.779
c1q0sr0,0.208,0.0,0.792,0.6369
c1q3z1r,0.2,0.0,0.8,0.6711
c1q5d29,0.129,0.1,0.771,0.2896
c1pzpft,0.0,0.401,0.599,-0.6145
c1q23de,0.202,0.0,0.798,0.4201
c1pzdqv,0.356,0.082,0.562,0.8074
c1q155q,0.289,0.0,0.711,0.7579
c1q2kro,0.194,0.16,0.646,0.0
c1q0eou,0.0,0.0,1.0,0.0
c1pyjt8,0.041,0.198,0.761,-0.8346
c1pz6jg,0.0,0.35,0.65,-0.7902
c1pyyuw,0.0,0.17,0.83,-0.8807
c1pyj2i,0.194,0.0,0.806,0.8268
c1q0l8g,0.0,0.183,0.817,-0.6908
c1q290l,0.13,0.0,0.87,0.4019
c1q2o3z,0.205,0.063,0.732,0.8658
c1pz2tr,0.21,0.0,0.79,0.8519
c1q0fyz,0.271,0.064,0.666,0.7759
c1q225m,0.194,0.0,0.806,0.5859
c1q0q2y,0.082,0.0,0.918,0.3612
c1pzv3b,0.111,0.1,0.789,0.0516
c1q3twt,0.36,0.029,0.611,0.9721
c1q0dhe,0.0,0.0,1.0,0.0
c1q03kf,0.219,0.0,0.781,0.7096
c1q1psd,0.0,0.0,1.0,0.0
c1pzbhl,0.086,0.062,0.852,0.1335
c1q1540,0.0,0.0,1.0,0.0
c1q3qmd,0.0,0.0,1.0,0.0
c1q426c,0.151,0.123,0.726,0.128
c1q2nrp,0.045,0.178,0.777,-0.9905
c1qcj1m,0.0,0.0,1.0,0.0
c1q45t2,0.0,0.185,0.815,-0.2057
c1q5dud,0.33,0.0,0.67,0.9535
c1pyowu,0.0,0.0,1.0,0.0
c1pyk6v,0.125,0.244,0.63,-0.4627
c1pz92m,0.0,0.0,1.0,0.0
c1q21nu,0.123,0.181,0.696,-0.6846
c1pz3br,0.0,0.0,1.0,0.0
c1q29dp,0.078,0.0,0.922,0.0258
c1q1uzk,0.474,0.0,0.526,0.4019
c1q3ri6,0.106,0.049,0.845,0.3818
c1q8f8q,0.131,0.082,0.787,0.9686
c1pyrha,0.214,0.181,0.605,0.3699
c1pyzyg,0.0,0.0,1.0,0.0
c1pyqtf,0.0,0.0,1.0,0.0
c1pz39s,0.29,0.0,0.71,0.8402
c1q3dop,0.042,0.044,0.915,-0.0258
c1qcl0k,0.0,0.07,0.93,-0.3919
c1q90gk,0.135,0.151,0.713,-0.0772
c1pzq2n,0.04,0.0,0.96,0.4215
c1q3eib,0.096,0.0,0.904,0.7845
c1q07za,0.265,0.086,0.648,0.6072
c1q7shh,0.095,0.021,0.884,0.781
c1qu3ox,0.0,0.393,0.607,-0.9568
c1qu2nd,0.0,0.0,1.0,0.0
c1qu423,0.209,0.0,0.791,0.7003
c1qu4c1,0.281,0.0,0.719,0.9595
c1qv514,0.0,0.189,0.811,-0.5423
c1qu2gp,0.474,0.0,0.526,0.6597
c1qu4bv,0.275,0.0,0.725,0.8225
c1qu3ou,0.177,0.145,0.677,0.4588
c1qu5ws,0.0,0.0,1.0,0.0
c1qu6i5,0.0,0.241,0.759,-0.6908
c1qu6yx,0.234,0.297,0.469,-0.2023
c1qu5av,0.397,0.0,0.603,0.9865
c1qu3sy,0.0,0.0,1.0,0.0
c1quuon,0.0,0.0,1.0,0.0
c1qvke0,0.0,0.236,0.764,-0.5267
c1qvtd6,0.0,0.0,1.0,0.0
c1qu2mj,0.0,0.208,0.792,-0.2732
c1qvdoh,0.2,0.044,0.756,0.9516
c1qu45j,0.101,0.039,0.86,0.6166
c1qu3ii,0.196,0.163,0.64,0.3891
c1quyj4,0.189,0.0,0.811,0.7906
c1qusxm,0.14,0.0,0.86,0.0772
c1qvfmt,0.077,0.0,0.923,0.2732
c1quxs9,0.0,0.0,1.0,0.0
c1qu73o,0.092,0.121,0.787,-0.4753
c1quton,0.065,0.047,0.888,0.223
c1qykrg,0.637,0.0,0.363,0.8832
c1qu9s3,0.0,0.0,1.0,0.0
c1quhd6,0.037,0.103,0.86,-0.5212
c1qw8vw,0.228,0.0,0.772,0.5499
c1qu3j2,0.111,0.109,0.78,-0.2263
c1qvb6g,0.105,0.033,0.862,0.4588
c1qufbx,0.182,0.138,0.681,0.2788
c1qug6u,0.036,0.096,0.868,-0.4515
c1qvk4y,0.198,0.0,0.802,0.5709
c1qv529,0.051,0.11,0.839,-0.5417
c1qu2yk,0.0,0.273,0.727,-0.4588
c1qu482,0.135,0.126,0.738,0.0729
c1qv7bi,0.254,0.0,0.746,0.7777
c1qyz4z,0.0,0.257,0.743,-0.7845
c1quret,0.0,0.502,0.498,-0.6169
c1qur2v,0.0,0.085,0.915,-0.4867
c1qv4lh,0.187,0.107,0.706,0.6369
c1qu58t,0.0,0.225,0.775,-0.7269
c1qv89q,0.163,0.044,0.793,0.6908
c1qvexv,0.0,0.0,1.0,0.0
c1qutz1,0.103,0.245,0.652,-0.9825
c1qvjjn,0.113,0.138,0.749,-0.1065
c1qv8nf,0.0,0.138,0.862,-0.6808
c1qvwc8,0.257,0.103,0.64,0.5916
c1r0xvs,0.106,0.0,0.894,0.6573
c1r4zht,0.0,0.223,0.777,-0.6486
c1qu318,0.0,0.0,1.0,0.0
c1qu4ng,0.0,0.0,1.0,0.0
c1qvfa4,0.079,0.205,0.716,-0.8702
c1quh2p,0.171,0.0,0.829,0.6081
c1qvm3z,0.119,0.131,0.75,0.6657
c1qu4ke,0.539,0.0,0.461,0.8479
c1qv5c2,0.148,0.148,0.703,0.0
c1quupb,0.0,0.0,1.0,0.0
c1qucaq,0.699,0.0,0.301,0.7889
c1quuqt,0.084,0.0,0.916,0.1406
c1qz66p,0.0,0.0,1.0,0.0
c1qwnpd,0.124,0.072,0.804,0.7755
c1qu5xw,0.0,0.0,1.0,0.0
c1quh6r,0.383,0.075,0.542,0.8979
c1rhnxw,0.239,0.0,0.761,0.5719
c1qwqlt,0.0,0.438,0.562,-0.9761
c1qwb9x,0.0,0.0,1.0,0.0
c1qu5ph,0.0,0.0,1.0,0.0
c1qu2tz,0.328,0.0,0.672,0.8685
c1qu5ne,0.506,0.0,0.494,0.6249
c1qv9zb,0.212,0.074,0.713,0.7783
c1qu5o1,0.35,0.0,0.65,0.8658
c1qua6w,0.371,0.0,0.629,0.6486
c1qvmgh,0.0,0.119,0.881,-0.5423
c1qu4di,0.0,0.0,1.0,0.0
c1qu5if,0.237,0.08,0.683,0.5992
c1qusf2,0.146,0.0,0.854,0.5859
c1quafz,0.0,0.247,0.753,-0.7096
c1qu5fz,0.278,0.108,0.613,0.5574
c1quvas,0.188,0.051,0.761,0.5267
c1qwt5z,0.0,0.136,0.864,-0.296
c1qzuge,0.0,0.0,1.0,0.0
c1qusdt,0.0,0.0,1.0,0.0
c1qu72d,0.0,0.0,1.0,0.0
c1qw7a3,0.049,0.049,0.902,0.0
c1qvc6o,0.128,0.071,0.801,0.2023
c1qu8px,0.487,0.0,0.513,0.5859
c1qui8z,0.0,0.685,0.315,-0.866
c2ibcsl,0.0,0.29,0.71,-0.6697
c1quul5,0.286,0.0,0.714,0.5267
c1qu8dw,1.0,0.0,0.0,0.8384
c1rv673,0.267,0.0,0.733,0.829
c1qvaj6,0.027,0.148,0.825,-0.7065
c1qu71y,0.0,0.0,1.0,0.0
c1qv0bu,0.068,0.153,0.78,-0.5423
c1qv5fw,0.0,0.0,1.0,0.0
c1quzp6,0.196,0.0,0.804,0.296
c1qv3c7,0.454,0.0,0.546,0.1695
c1qvqrm,0.0,0.0,1.0,0.0
c1qv0bk,0.0,0.0,1.0,0.0
c1qvvqg,0.0,0.47,0.53,-0.7351
c1qwu5u,0.0,0.295,0.705,-0.6808
c1qxt3x,0.0,0.242,0.758,-0.1531
c1qxz4h,0.0,0.0,1.0,0.0
c1qy1kk,0.101,0.0,0.899,0.4019
c1r7zh7,0.0,0.0,1.0,0.0
c1qxo1n,0.0,0.225,0.775,-0.4927
c1qzk4i,0.043,0.054,0.903,0.0155
c1r1f69,0.149,0.0,0.851,0.6003
c1qwaf2,0.181,0.14,0.679,0.1832
c1qu2ye,0.108,0.392,0.5,-0.6597
c1qu3pb,0.139,0.0,0.861,0.2732
c1qveav,0.119,0.122,0.759,-0.5089
c1qw6e7,0.375,0.0,0.625,0.5859
c1qw9k9,0.127,0.071,0.802,0.3771
c1qzkae,0.0,0.095,0.905,-0.2944
c1qv4ew,0.063,0.0,0.937,0.4404
c1qu95d,0.038,0.083,0.879,-0.5229
c1qy24q,0.137,0.187,0.676,-0.5954
c1qu74m,0.237,0.0,0.763,0.4767
c1qz7ue,0.0,0.0,1.0,0.0
c1qu8ct,0.141,0.0,0.859,0.763
c1qv00w,0.21,0.0,0.79,0.92
c1qwdi1,0.17,0.083,0.748,0.5095
c1rqkhw,0.386,0.0,0.614,0.659
c1qvj9r,0.0,0.0,1.0,0.0
c1qvhwy,0.195,0.0,0.805,0.4404
c1qwiyz,0.0,0.145,0.855,-0.4404
c1qw9pe,0.182,0.0,0.818,0.4576
c1qwcmo,0.0,0.0,1.0,0.0
c1qv4a9,0.11,0.079,0.811,0.3832
c1qxp7m,0.127,0.08,0.793,0.7885
c1qubkr,0.141,0.047,0.812,0.5881
c1qub1n,0.0,0.0,1.0,0.0
c1qv3g6,0.508,0.032,0.459,0.9862
c1qv4g1,0.248,0.0,0.752,0.8807
c1qv4q5,0.131,0.034,0.835,0.6191
c1quage,0.0,0.0,1.0,0.0
c1qufcb,0.0,0.045,0.955,-0.25
c1quauh,0.074,0.148,0.778,-0.6858
c1qzl7u,0.0,0.293,0.707,-0.4404
c1quzh3,0.241,0.0,0.759,0.6597
c1qvend,0.054,0.0,0.946,0.3612
c1qv9qi,0.071,0.077,0.852,-0.3022
c1r1kva,0.09,0.126,0.784,-0.2278
c1qu51o,0.0,0.0,1.0,0.0
c1qwnqs,0.129,0.0,0.871,0.5106
c1qual1,0.206,0.07,0.723,0.6214
c1qzl3y,0.096,0.0,0.904,0.6705
c1qvnd3,0.104,0.0,0.896,0.2144
c1qwie7,0.246,0.105,0.65,0.6116
c1qwcxa,0.081,0.109,0.81,-0.6652
c1qvjlw,0.0,0.0,1.0,0.0
c1quh8w,0.072,0.0,0.928,0.3612
c1qujhm,0.333,0.0,0.667,0.3612
c1qu5kg,0.0,0.111,0.889,-0.128
c1qvjhm,0.0,0.0,1.0,0.0
c1qv6jk,0.387,0.147,0.467,0.5574
c1qvn81,0.13,0.055,0.815,0.5299
c1qvazc,0.0,0.0,1.0,0.0
c1qvbub,0.08,0.081,0.839,-0.0026
c1quepf,0.18,0.0,0.82,0.7783
c1qult4,0.119,0.0,0.881,0.2263
c1qu8fn,0.18,0.048,0.772,0.9465
c1qvqe5,0.0,0.0,1.0,0.0
c1qvoar,0.0,0.272,0.728,-0.3049
c1qvl90,0.129,0.021,0.85,0.6952
c1qwmyt,0.122,0.013,0.865,0.8807
c1qzzbe,0.0,0.126,0.874,-0.3182
c1qvli4,0.126,0.0,0.874,0.438
c1qvo7k,0.131,0.163,0.707,-0.5042
c1qwx0c,0.0,0.0,1.0,0.0
c1qvc6f,0.0,0.0,1.0,0.0
c1qu6fs,0.118,0.294,0.588,-0.541
c1qv2vo,0.08,0.185,0.735,-0.7976
c1qwrz4,0.16,0.335,0.505,-0.7651
c1qvo5m,0.153,0.0,0.847,0.4019
c1qw2es,0.0,0.136,0.864,-0.4168
c1qwchu,0.038,0.145,0.817,-0.6283
c1quhmj,0.314,0.0,0.686,0.8625
c1r05yc,0.373,0.0,0.627,0.8779
c1r4ma2,0.083,0.126,0.791,0.2695
c1qvzq6,0.317,0.0,0.683,0.4902
c1qvoqh,0.185,0.076,0.739,0.3646
c1qxc70,0.122,0.186,0.693,-0.7149
c1qu7v8,0.213,0.086,0.702,0.6997
c1qu50a,0.0,0.078,0.922,-0.5256
c1qu59d,0.068,0.085,0.847,-0.1315
c1qvfd8,0.242,0.109,0.648,0.5079
c1qvc8u,0.266,0.0,0.734,0.8689
c1qxj9d,0.167,0.182,0.651,-0.1189
c1qu6b7,0.0,0.0,1.0,0.0
c1qungn,0.463,0.0,0.537,0.7102
c1r2rv9,0.0,0.259,0.741,-0.4838
c1qxt63,0.108,0.202,0.69,-0.2942
c1quuf0,0.0,0.0,1.0,0.0
c1qvfi7,0.0,0.0,1.0,0.0
c1r4wgc,0.0,0.0,1.0,0.0
c1quzce,0.164,0.309,0.526,-0.4939
c1qwb94,0.252,0.068,0.68,0.6908
c1qyvs5,0.174,0.093,0.733,0.6348
c1qugup,0.175,0.305,0.52,-0.6705
c1qwgi3,0.101,0.266,0.633,-0.5574
c1qvpwc,0.052,0.152,0.795,-0.9393
c1qv2b7,0.282,0.0,0.718,0.9183
c1qv5ob,0.304,0.0,0.696,0.8591
c1qv2fn,0.366,0.203,0.431,0.5849
c1qvcdd,0.0,0.111,0.889,-0.5423
c1qv05d,0.0,0.126,0.874,-0.8176
c1qucco,0.213,0.0,0.787,0.6908
c1quktp,0.087,0.104,0.809,-0.2732
c1qva6l,0.147,0.031,0.822,0.7259
c1qwc0t,0.04,0.246,0.714,-0.8593
c1qxc8p,0.044,0.031,0.925,0.4848
c1qucqu,0.0,0.234,0.766,-0.5859
c1qx0gy,0.0,0.0,1.0,0.0
c1qusx3,0.0,0.0,1.0,0.0
c1qvcxd,0.161,0.0,0.839,0.3612
c1qvf8g,0.13,0.076,0.793,0.2263
c1qu9yq,0.0,0.185,0.815,-0.3612
c1quiot,1.0,0.0,0.0,0.3182
c1qvd0b,0.133,0.047,0.819,0.5434
c1qvgg4,0.106,0.0,0.894,0.5499
c1rlj8a,0.169,0.035,0.796,0.8834
c1quhoq,0.0,0.0,1.0,0.0
c1qv96w,0.0,0.432,0.568,-0.7456
c1qxl5f,0.08,0.026,0.894,0.5187
c1qv87z,0.128,0.071,0.801,0.2023
c1qzj39,0.0,0.0,1.0,0.0
c1qxi39,0.113,0.066,0.82,0.296
c1qxu6k,0.0,0.0,1.0,0.0
c1qzgph,0.128,0.0,0.872,0.3612
c1qu3nl,0.0,0.245,0.755,-0.3818
c1quyim,0.564,0.0,0.436,0.3802
c1qwf6y,0.059,0.127,0.814,-0.7925
c1qvwpa,0.225,0.0,0.775,0.4404
c1r0d15,0.124,0.103,0.774,-0.1145
c1r0dvq,0.081,0.036,0.883,0.3291
c1qv5x4,0.0,0.0,1.0,0.0
c1qvhb0,0.0,0.0,1.0,0.0
c1qus4t,0.223,0.0,0.777,0.8299
c1qy2sb,0.049,0.385,0.566,-0.8715
c1quap5,0.453,0.0,0.547,0.5859
c1qxfpk,0.256,0.0,0.744,0.7635
c1qxjcj,0.0,0.269,0.731,-0.9266
c1qw2z5,0.382,0.25,0.368,0.2023
c1r0e5m,0.213,0.0,0.787,0.4019
c1qwhe7,0.153,0.113,0.734,0.1027
c1qztjg,0.0,0.0,1.0,0.0
c2ibcxn,0.21,0.0,0.79,0.7713
c1qud6h,0.077,0.227,0.696,-0.9268
c1qvgyd,0.0,0.353,0.647,-0.8516
c1qv1xd,0.0,0.0,1.0,0.0
c1qvd5r,0.091,0.0,0.909,0.2732
c1qv1ya,0.0,0.046,0.954,-0.128
c1qya0j,0.039,0.13,0.831,-0.9405
c1qwi1k,0.092,0.211,0.697,-0.6705
c1qv2ko,0.0,0.057,0.943,-0.4019
c1qve3h,0.0,0.056,0.944,-0.1232
c1qzkfj,0.317,0.0,0.683,0.6774
c1qw3fw,0.304,0.0,0.696,0.5859
c1qve05,0.0,0.139,0.861,-0.594
c1qvmah,0.0,0.168,0.832,-0.3875
c1qw3yb,0.125,0.0,0.875,0.8553
c1r3c8b,0.089,0.0,0.911,0.5859
c1qv1ig,0.056,0.081,0.863,-0.1095
c1qxmz5,0.67,0.0,0.33,0.7263
c1que2t,0.185,0.05,0.765,0.6527
c1r0frv,0.064,0.131,0.805,-0.4939
c1qwbtk,0.0,0.0,1.0,0.0
c1qwefi,0.171,0.0,0.829,0.8534
c1qwpr8,0.0,0.0,1.0,0.0
c1qu6j1,0.0,0.263,0.737,-0.3595
c1qvwrj,0.0,0.043,0.957,-0.1027
c1qxq9n,0.0,0.0,1.0,0.0
c1qwtto,0.0,0.208,0.792,-0.1477
c1qvizn,0.0,0.0,1.0,0.0
c1qwtut,0.0,0.148,0.852,-0.5994
c1qvs24,0.06,0.0,0.94,0.3898
c1qxr2x,0.022,0.219,0.759,-0.9499
c1qwirh,0.045,0.108,0.848,-0.4432
c1qyygq,0.122,0.187,0.691,-0.1566
c1qvjef,0.0,0.0,1.0,0.0
c1qxrd4,0.294,0.0,0.706,0.3612
c1qw9ve,0.0,0.0,1.0,0.0
c1qucg5,0.338,0.0,0.662,0.8472
c1qwcqj,0.0,0.196,0.804,-0.8402
c1qwmfp,0.0,0.0,1.0,0.0
c1qwrix,0.339,0.0,0.661,0.6249
c1qxhxb,0.049,0.0,0.951,0.0772
c1qujw3,0.229,0.0,0.771,0.7684
c1r4ob6,0.0,0.244,0.756,-0.5859
c1qw50i,0.516,0.0,0.484,0.4939
c1qwcz9,0.065,0.0,0.935,0.2732
c1qww12,0.212,0.0,0.788,0.3987
c1qyi5h,0.143,0.045,0.812,0.9789
c1r0zzw,0.109,0.104,0.787,0.1481
c1qugtr,0.0,0.231,0.769,-0.6369
c1qx3rh,0.0,0.049,0.951,-0.1531
c1qvgsf,0.231,0.0,0.769,0.5574
c1r12ro,0.254,0.118,0.627,0.5994
c1qv6y8,0.152,0.099,0.749,0.25
c1qvwtz,0.0,0.0,1.0,0.0
c1r107d,0.2,0.287,0.513,-0.659
c1qwosb,0.258,0.0,0.742,0.8957
c1qwjyw,0.04,0.097,0.863,-0.431
c1qvctu,0.12,0.0,0.88,0.4588
c1qy6ng,0.023,0.062,0.915,-0.3031
c1r56rr,0.0,0.434,0.566,-0.6808
c1qudbc,0.0,0.0,1.0,0.0
c1r2t8r,0.222,0.144,0.634,0.2467
c1qwaxm,0.193,0.058,0.748,0.7067
c1qz61u,0.06,0.115,0.825,-0.4033
c1qzn4v,0.088,0.079,0.833,0.0968
c1r1vbb,0.042,0.0,0.958,0.09
c1r2gh0,0.034,0.178,0.788,-0.7856
c1qula2,0.227,0.065,0.708,0.825
c1qxjtq,0.0,0.165,0.835,-0.7579
c1qxoqt,0.464,0.0,0.536,0.8313
c1qxbaq,0.126,0.128,0.746,-0.0176
c1qw612,0.117,0.067,0.816,0.5719
c1qv7uf,0.213,0.0,0.787,0.4019
c1qum3t,0.086,0.067,0.847,0.6369
c1qweaw,0.107,0.106,0.788,-0.2289
c1qw4oz,0.449,0.0,0.551,0.6908
c1qxiax,0.0,0.118,0.882,-0.8271
c1qv7mj,0.087,0.132,0.781,-0.3268
c1qxbjj,0.0,0.0,1.0,0.0
c1qujkw,0.127,0.0,0.873,0.4939
c1qvhug,0.0,0.0,1.0,0.0
c1qve3o,0.048,0.0,0.952,0.4019
c1qvgp4,0.0,0.0,1.0,0.0
c1qva4o,0.097,0.086,0.817,0.0772
c1qx15n,0.158,0.108,0.734,0.5423
c1qvap8,0.0,0.25,0.75,-0.7456
c1qxo4x,0.237,0.0,0.763,0.8735
c1r0e9w,0.0,0.0,1.0,0.0
c1qv78k,0.064,0.187,0.749,-0.8669
c1qwl3m,0.146,0.0,0.854,0.4404
c1qwkiz,0.067,0.0,0.933,0.4576
c1qvlv5,0.092,0.0,0.908,0.4497
c1qvouv,0.0,0.0,1.0,0.0
c1qwfkw,0.0,0.0,1.0,0.0
c1quzsf,0.106,0.029,0.865,0.6369
c1quzpk,0.102,0.13,0.768,-0.4824
c1quzpb,0.106,0.0,0.894,0.4927
c1qv141,0.084,0.028,0.887,0.508
c1quk87,0.127,0.072,0.801,0.25
c1quesk,0.0,0.0,1.0,0.0
c1qwtit,0.049,0.088,0.862,-0.5562
c1quiyo,0.16,0.0,0.84,0.2732
c1qvc8k,0.019,0.185,0.796,-0.9325
c1qv10f,0.171,0.287,0.543,-0.6124
c1quhjj,0.327,0.366,0.307,-0.099
c1qul71,0.234,0.255,0.512,-0.1458
c1qvdfe,0.177,0.242,0.581,-0.4576
c1qwljk,0.0,0.208,0.792,-0.9485
c1qw2pm,0.0,0.0,1.0,0.0
c1qwbuw,0.375,0.0,0.625,0.6369
c1qv2dg,0.177,0.0,0.823,0.4215
c1qvezd,0.091,0.0,0.909,0.1285
c1qzkj7,0.0,0.16,0.84,-0.2732
c1qvknf,0.285,0.055,0.66,0.8538
c1r1wcp,0.0,0.121,0.879,-0.5334
c1r6nqq,0.0,0.052,0.948,-0.296
c1r4500,0.097,0.067,0.836,-0.1154
c1qxf71,0.114,0.0,0.886,0.4019
c1qwpvs,0.231,0.0,0.769,0.2732
c1qyy26,0.0,0.0,1.0,0.0
c1qwq0n,0.0,0.291,0.709,-0.4767
c1qu9oe,0.252,0.139,0.609,0.3182
c1qvsxo,0.0,0.0,1.0,0.0
c1qvybv,0.194,0.0,0.806,0.34
c1qxq1s,0.196,0.368,0.436,-0.6943
c1qxoee,0.0,0.167,0.833,-0.8818
c1qxis6,0.078,0.21,0.712,-0.8331
c1rv46x,0.0,0.06,0.94,-0.0572
c1qzqfv,0.068,0.093,0.839,0.0451
c1r4mco,0.677,0.0,0.323,0.2732
c1qz40q,0.099,0.0,0.901,0.4902
c1r1g5x,0.116,0.084,0.8,0.8949
c1qusj8,0.103,0.0,0.897,0.34
c1qv6s3,0.055,0.074,0.871,-0.1986
c1qv96k,0.055,0.0,0.945,0.296
c1r1lmc,0.0,0.0,1.0,0.0
c1r5ee5,0.061,0.198,0.741,-0.8074
c1qxr1a,0.361,0.0,0.639,0.8357
c1r56ib,0.066,0.0,0.934,0.0516
c1qvg3y,0.323,0.205,0.472,0.3612
c1r1v95,0.069,0.101,0.83,-0.4033
c1r0vcu,0.0,0.0,1.0,0.0
c1ri0z5,0.187,0.0,0.813,0.7351
c1qw6lf,0.051,0.104,0.846,-0.9598
c1quxcn,0.0,0.0,1.0,0.0
c1qvlax,0.088,0.196,0.717,-0.9505
c1qv7o1,0.0,0.0,1.0,0.0
c1qwncz,0.085,0.178,0.737,-0.3658
c1qwnk9,0.0,1.0,0.0,-0.296
c1qvpmw,0.375,0.0,0.625,0.4588
c1qyl9z,0.208,0.053,0.739,0.9733
c1qz6qn,0.17,0.0,0.83,0.8316
c1qy9le,0.0,0.0,1.0,0.0
c1qy91h,0.0,0.412,0.588,-0.5423
